0;7;15;16;19;54;70;103;138;163;185;193;256;261;288;307;314;379;392;424;
1;9;21;27;42;59;85;119;139;171;227;239;260;265;303;351;361;385;421;442;
2;13;22;37;69;77;90;129;170;207;233;252;262;266;319;355;374;389;430;451;
3;17;30;44;80;99;120;149;197;216;241;258;278;284;320;359;381;391;448;470;
5;23;39;58;89;113;130;167;204;219;243;267;281;285;332;368;388;409;450;472;
6;33;43;66;91;116;145;172;208;221;249;269;283;310;334;369;394;415;452;476;
8;34;49;75;92;121;146;180;213;232;250;274;294;311;337;373;395;432;454;477;
10;35;52;76;97;124;151;182;214;236;257;276;300;328;344;375;404;438;458;479;
12;45;56;93;105;125;155;183;217;238;263;277;302;335;345;380;408;439;463;480;
14;47;61;94;109;134;156;189;220;242;268;290;309;336;347;386;414;440;464;484;
18;48;79;100;118;142;157;190;229;247;286;296;322;338;352;390;422;441;465;486;
26;51;82;101;122;144;162;191;235;255;287;299;326;342;354;397;425;444;468;487;
31;53;87;104;126;152;165;198;237;259;289;318;327;356;358;400;426;447;473;489;
36;64;95;107;131;154;174;201;245;275;295;324;346;362;383;413;431;449;474;490;
38;71;98;108;137;159;181;223;246;279;305;329;350;377;387;416;433;453;475;492;
41;73;102;110;147;166;196;226;248;292;313;333;360;378;405;418;434;460;482;493;
46;74;106;136;150;176;200;231;271;293;315;348;366;384;406;423;436;461;483;494;
57;86;127;141;160;186;222;240;272;297;316;349;370;396;407;428;443;462;488;495;
63;88;143;164;168;211;228;244;273;308;325;357;371;403;411;429;455;466;491;497;
68;111;148;199;203;212;230;253;323;340;367;372;382;410;427;435;457;481;496;498;
